111
138
174
92
70
169
233
168
48
192
9
120
202
60
215
80
80
186
173
113
227
51
176
230
63
58
147
118
101
70
1
81
188
107
242
139
252
73
38
228
43
204
147
21
247
84
200
28
161
222
207
33
52
96
144
250
8
10
236
69
5
32
100
207
41
102
41
194
101
201
59
250
152
142
99
149
192
197
24
170
132
225
26
225
191
98
233
153
245
184
107
53
158
109
66
180
46
13
177
18
4
127
234
210
33
63
182
222
219
72
7
184
185
94
56
40
117
147
160
251
148
221
237
230
81
126
24
149
41
148
97
215
9
163
19
62
122
206
224
245
128
25
212
215
67
40
123
167
180
254
